99
8 5 4 2 
8 5 7 4 
21 12 0 3 
8 14 5 26 
6 8 7 4 
12 6 4 3 
1 0 4 2 
5 1 4 2 
10 1 5 2 
18 1 10 20 
12 18 21 0 
1 13 5 4 
1 13 10 5 
5 13 7 4 
6 13 12 4 
13 12 4 3 
12 13 21 22 
14 23 20 2 
11 10 5 2 
14 11 5 2 
11 14 20 2 
13 11 10 5 
11 13 14 5 
1 11 20 2 
11 1 10 2 
1 11 10 20 
23 11 14 20 
11 13 10 22 
13 11 14 22 
10 11 22 20 
11 23 22 20 
11 23 14 22 
18 9 1 0 
9 18 1 10 
13 9 1 10 
9 18 12 0 
9 1 0 4 
9 13 1 4 
12 9 0 3 
13 9 12 3 
0 9 4 3 
9 13 4 3 
9 13 12 22 
9 12 21 22 
18 9 21 22 
18 9 12 21 
19 10 22 20 
19 18 10 20 
19 18 21 22 
19 9 18 22 
9 19 18 10 
23 19 22 20 
23 19 21 22 
13 19 10 22 
9 19 13 22 
19 9 13 10 
13 16 6 12 
16 6 7 4 
13 16 7 4 
16 13 6 4 
13 16 5 7 
13 16 14 5 
16 8 5 7 
25 23 21 22 
25 23 24 21 
13 25 21 22 
25 23 22 26 
23 25 24 26 
16 25 13 22 
25 24 12 21 
13 25 12 21 
16 25 24 12 
25 16 13 12 
16 15 6 12 
15 16 24 12 
15 6 12 3 
15 16 6 7 
15 12 21 3 
24 15 12 21 
25 15 16 24 
25 15 24 26 
15 16 7 26 
15 25 16 26 
17 13 14 22 
17 16 13 22 
16 17 13 14 
17 25 16 22 
17 25 22 26 
25 17 16 26 
23 17 22 26 
17 23 14 26 
23 17 14 22 
17 14 8 26 
17 8 7 26 
16 17 7 26 
16 17 8 7 
14 17 8 5 
17 16 8 5 
16 17 14 5 
