3
27
1.58740105 1.58740105 1.58740105 
7.93700526 1.58740105 1.58740105 
14.28660947 1.58740105 1.58740105 
1.58740105 7.93700526 1.58740105 
7.93700526 7.93700526 1.58740105 
14.28660947 7.93700526 1.58740105 
1.58740105 14.28660947 1.58740105 
7.93700526 14.28660947 1.58740105 
14.28660947 14.28660947 1.58740105 
1.58740105 1.58740105 7.93700526 
7.93700526 1.58740105 7.93700526 
14.28660947 1.58740105 7.93700526 
1.58740105 7.93700526 7.93700526 
7.93700526 7.93700526 7.93700526 
14.28660947 7.93700526 7.93700526 
1.58740105 14.28660947 7.93700526 
7.93700526 14.28660947 7.93700526 
14.28660947 14.28660947 7.93700526 
1.58740105 1.58740105 14.28660947 
7.93700526 1.58740105 14.28660947 
14.28660947 1.58740105 14.28660947 
1.58740105 7.93700526 14.28660947 
7.93700526 7.93700526 14.28660947 
14.28660947 7.93700526 14.28660947 
1.58740105 14.28660947 14.28660947 
7.93700526 14.28660947 14.28660947 
14.28660947 14.28660947 14.28660947 
